ans =

 Columns 1 through 7:

   50.00000   50.00000    0.00000   -0.00000    8.33333   41.66667    0.00000

 Columns 8 through 14:

    0.00000    8.33333   41.66667   -0.00000    0.00000   -0.00000   33.33333

 Columns 15 through 21:

    0.00000    0.00000    0.00000   33.33333   25.00000   25.00000   -0.00000

 Columns 22 through 25:

    0.00000   -0.00000    0.00000   -0.00000

ans =  2.9170e+05
info =

  scalar structure containing the fields:

    solveiter =  34
    info = 0

